Generation #25

LINE:	1	[0. 1. 0. 0. 0. 0. 0. 0. 1. 0. 0. 1. 0. 0. 0. 0.],	X1: 0.25882,	X2: -0.99608,	f: 47.04792
LINE:	2	[0. 0. 0. 0. 0. 0. 0. 1. 1. 0. 1. 0. 0. 0. 0. 0.],	X1: 0.50980,	X2: -1.98431,	f: 29307.95700
LINE:	3	[0. 1. 0. 0. 0. 0. 0. 1. 1. 0. 1. 1. 0. 0. 0. 1.],	X1: 0.77647,	X2: -0.98039,	f: 2463.73438
LINE:	4	[0. 1. 0. 0. 0. 0. 0. 0. 1. 0. 0. 0. 1. 0. 0. 1.],	X1: 0.14902,	X2: -0.99608,	f: 11.41220
LINE:	5	[0. 1. 0. 0. 1. 0. 0. 1. 1. 0. 0. 0. 1. 0. 1. 0.],	X1: 0.16471,	X2: -0.85490,	f: 13.14293
LINE:	6	[0. 1. 0. 0. 0. 0. 0. 1. 1. 0. 0. 0. 0. 0. 0. 0.],	X1: 0.00784,	X2: -0.98039,	f: 3.14729
LINE:	7	[0. 1. 0. 0. 0. 0. 0. 0. 1. 0. 0. 0. 0. 0. 1. 0.],	X1: 0.03922,	X2: -0.99608,	f: 3.37303
LINE:	8	[0. 1. 0. 0. 0. 0. 0. 1. 1. 0. 0. 0. 0. 0. 0. 0.],	X1: 0.00784,	X2: -0.98039,	f: 3.14729
LINE:	9	[0. 1. 0. 0. 0. 0. 0. 0. 1. 0. 0. 0. 0. 1. 1. 1.],	X1: 0.11765,	X2: -0.99608,	f: 7.52815
LINE:	10	[0. 1. 0. 1. 0. 0. 0. 0. 1. 1. 0. 0. 0. 1. 1. 1.],	X1: 1.12157,	X2: -0.74510,	f: 4469.01074
LINE:	11	[0. 1. 0. 0. 0. 0. 0. 0. 1. 0. 0. 0. 0. 1. 0. 0.],	X1: 0.07059,	X2: -0.99608,	f: 4.34617
LINE:	12	[0. 1. 0. 0. 0. 0. 0. 0. 1. 0. 0. 1. 0. 0. 0. 0.],	X1: 0.25882,	X2: -0.99608,	f: 47.04792
LINE:	13	[0. 1. 0. 1. 0. 0. 0. 1. 0. 0. 0. 0. 1. 0. 0. 1.],	X1: -1.85882,	X2: -0.72941,	f: 27843.22850
LINE:	14	[0. 1. 0. 1. 0. 0. 0. 1. 1. 0. 0. 0. 1. 0. 0. 1.],	X1: 0.14902,	X2: -0.72941,	f: 59.52903
LINE:	15	[0. 1. 0. 0. 0. 0. 1. 0. 1. 1. 1. 0. 0. 0. 0. 0.],	X1: 1.51373,	X2: -0.96471,	f: 31153.12110
LINE:	16	[0. 1. 0. 0. 0. 0. 1. 0. 1. 0. 1. 0. 1. 0. 0. 1.],	X1: 0.65098,	X2: -0.96471,	f: 1153.17798
LINE:	17	[0. 1. 0. 0. 0. 0. 0. 0. 1. 0. 0. 0. 0. 0. 0. 0.],	X1: 0.00784,	X2: -0.99608,	f: 3.01541
LINE:	18	[0. 1. 0. 0. 0. 0. 0. 1. 1. 0. 0. 0. 1. 0. 0. 0.],	X1: 0.13333,	X2: -0.98039,	f: 8.40066
LINE:	19	[0. 1. 0. 0. 0. 1. 0. 1. 1. 0. 0. 0. 1. 0. 1. 1.],	X1: 0.18039,	X2: -0.91765,	f: 10.96471
LINE:	20	[1. 0. 0. 0. 0. 0. 0. 1. 1. 0. 0. 0. 0. 1. 1. 1.],	X1: 0.11765,	X2: 0.02353,	f: 707.16113
LINE:	21	[0. 1. 1. 0. 0. 0. 0. 0. 1. 0. 0. 0. 0. 0. 0. 0.],	X1: 0.00784,	X2: -0.49412,	f: 253.65636
LINE:	22	[0. 1. 0. 0. 0. 0. 1. 0. 1. 0. 0. 0. 0. 0. 0. 0.],	X1: 0.00784,	X2: -0.96471,	f: 3.49278
LINE:	23	[0. 1. 0. 0. 0. 0. 1. 0. 1. 0. 1. 0. 0. 0. 0. 0.],	X1: 0.50980,	X2: -0.96471,	f: 439.64380
LINE:	24	[0. 1. 0. 0. 1. 0. 0. 0. 1. 0. 0. 0. 0. 0. 0. 0.],	X1: 0.00784,	X2: -0.87059,	f: 11.42571
LINE:	25	[0. 1. 0. 0. 0. 0. 0. 1. 1. 0. 0. 1. 0. 0. 0. 1.],	X1: 0.27451,	X2: -0.98039,	f: 51.44031
LINE:	26	[0. 1. 0. 0. 0. 0. 0. 0. 1. 0. 1. 0. 0. 0. 0. 1.],	X1: 0.52549,	X2: -0.99608,	f: 566.87524
LINE:	27	[1. 1. 0. 0. 0. 1. 0. 0. 1. 0. 0. 0. 0. 0. 0. 1.],	X1: 0.02353,	X2: 1.07451,	f: 33870.41800
LINE:	28	[0. 1. 1. 0. 0. 0. 0. 0. 1. 0. 0. 0. 0. 0. 0. 1.],	X1: 0.02353,	X2: -0.49412,	f: 261.42816
LINE:	29	[0. 0. 0. 0. 0. 0. 0. 0. 1. 0. 0. 0. 0. 0. 0. 0.],	X1: 0.00784,	X2: -2.00000,	f: 66357.07030
LINE:	30	[0. 1. 0. 0. 0. 0. 0. 0. 0. 0. 0. 0. 0. 0. 0. 0.],	X1: -2.00000,	X2: -0.99608,	f: 23925.77930
LINE:	31	[0. 1. 0. 1. 1. 0. 0. 0. 1. 0. 0. 0. 0. 0. 0. 0.],	X1: 0.00784,	X2: -0.61961,	f: 132.57854
LINE:	32	[1. 1. 0. 0. 1. 0. 0. 0. 1. 0. 0. 0. 0. 0. 1. 0.],	X1: 0.03922,	X2: 1.13725,	f: 38951.66800
LINE:	33	[0. 1. 0. 0. 1. 0. 0. 0. 1. 0. 0. 0. 0. 0. 0. 0.],	X1: 0.00784,	X2: -0.87059,	f: 11.42571
LINE:	34	[0. 1. 0. 0. 0. 0. 0. 0. 1. 0. 0. 0. 0. 0. 0. 0.],	X1: 0.00784,	X2: -0.99608,	f: 3.01541
LINE:	35	[0. 1. 0. 0. 0. 0. 0. 0. 1. 0. 0. 0. 0. 1. 1. 0.],	X1: 0.10196,	X2: -0.99608,	f: 6.17692
LINE:	36	[0. 1. 0. 0. 0. 0. 0. 1. 1. 0. 0. 0. 1. 0. 0. 0.],	X1: 0.13333,	X2: -0.98039,	f: 8.40066
LINE:	37	[0. 1. 0. 0. 1. 0. 0. 0. 1. 0. 0. 0. 0. 0. 0. 0.],	X1: 0.00784,	X2: -0.87059,	f: 11.42571
LINE:	38	[0. 1. 0. 0. 0. 0. 0. 0. 1. 0. 0. 0. 0. 0. 0. 0.],	X1: 0.00784,	X2: -0.99608,	f: 3.01541
LINE:	39	[1. 1. 0. 0. 0. 0. 1. 0. 1. 0. 0. 0. 0. 0. 0. 0.],	X1: 0.00784,	X2: 1.04314,	f: 31964.67380
LINE:	40	[0. 1. 0. 0. 1. 0. 0. 0. 1. 0. 0. 0. 1. 0. 0. 1.],	X1: 0.14902,	X2: -0.87059,	f: 11.07177
LINE:	41	[0. 1. 0. 0. 0. 0. 0. 1. 1. 0. 1. 0. 0. 0. 0. 1.],	X1: 0.52549,	X2: -0.98039,	f: 530.99207
LINE:	42	[0. 1. 0. 0. 1. 0. 0. 1. 1. 0. 0. 1. 0. 0. 0. 1.],	X1: 0.27451,	X2: -0.85490,	f: 20.81212
LINE:	43	[0. 0. 0. 0. 0. 0. 0. 0. 1. 0. 0. 0. 1. 0. 0. 0.],	X1: 0.13333,	X2: -2.00000,	f: 60962.18750
LINE:	44	[0. 1. 0. 0. 0. 0. 0. 1. 1. 0. 0. 0. 1. 0. 1. 0.],	X1: 0.16471,	X2: -0.98039,	f: 12.70847
LINE:	45	[0. 1. 0. 0. 0. 0. 1. 0. 1. 0. 1. 0. 0. 1. 0. 0.],	X1: 0.57255,	X2: -0.96471,	f: 693.09222
LINE:	46	[0. 1. 0. 0. 0. 0. 0. 0. 0. 0. 1. 0. 0. 0. 1. 0.],	X1: -1.46667,	X2: -0.99608,	f: 4638.61670
LINE:	47	[0. 1. 0. 0. 0. 0. 0. 0. 1. 0. 0. 0. 0. 1. 1. 1.],	X1: 0.11765,	X2: -0.99608,	f: 7.52815
LINE:	48	[0. 1. 0. 0. 0. 0. 0. 1. 1. 0. 0. 0. 0. 0. 1. 1.],	X1: 0.05490,	X2: -0.98039,	f: 3.68972
LINE:	49	[0. 1. 0. 0. 0. 0. 1. 1. 1. 0. 0. 0. 0. 0. 1. 1.],	X1: 0.05490,	X2: -0.94902,	f: 4.23096
LINE:	50	[0. 0. 0. 0. 0. 1. 0. 1. 1. 0. 0. 0. 0. 0. 0. 0.],	X1: 0.00784,	X2: -1.92157,	f: 43102.74220
LINE:	51	[0. 1. 0. 0. 0. 0. 0. 0. 1. 0. 0. 0. 0. 0. 0. 1.],	X1: 0.02353,	X2: -0.99608,	f: 3.12710
LINE:	52	[0. 1. 0. 0. 0. 0. 0. 0. 1. 0. 0. 0. 0. 0. 0. 0.],	X1: 0.00784,	X2: -0.99608,	f: 3.01541
LINE:	53	[0. 1. 0. 0. 0. 0. 0. 1. 1. 0. 0. 0. 0. 0. 1. 1.],	X1: 0.05490,	X2: -0.98039,	f: 3.68972
LINE:	54	[0. 1. 0. 0. 0. 0. 0. 0. 1. 1. 0. 1. 0. 0. 0. 1.],	X1: 1.27843,	X2: -0.99608,	f: 18081.25390
LINE:	55	[0. 1. 0. 0. 0. 0. 0. 0. 1. 0. 0. 0. 0. 0. 0. 0.],	X1: 0.00784,	X2: -0.99608,	f: 3.01541
LINE:	56	[0. 1. 0. 0. 0. 0. 0. 0. 1. 0. 0. 0. 0. 0. 0. 0.],	X1: 0.00784,	X2: -0.99608,	f: 3.01541
LINE:	57	[0. 1. 0. 0. 0. 0. 0. 1. 1. 0. 0. 0. 0. 0. 0. 0.],	X1: 0.00784,	X2: -0.98039,	f: 3.14729
LINE:	58	[0. 0. 0. 0. 0. 0. 0. 1. 1. 0. 0. 0. 0. 0. 0. 0.],	X1: 0.00784,	X2: -1.98431,	f: 61009.37890
LINE:	59	[0. 0. 0. 0. 1. 0. 0. 0. 1. 0. 0. 0. 0. 0. 0. 0.],	X1: 0.00784,	X2: -1.87451,	f: 32789.59770
LINE:	60	[0. 1. 0. 0. 1. 0. 0. 0. 1. 0. 0. 0. 0. 0. 1. 0.],	X1: 0.03922,	X2: -0.87059,	f: 11.36532
LINE:	61	[0. 1. 1. 0. 1. 0. 0. 0. 1. 1. 0. 0. 1. 0. 0. 0.],	X1: 1.13725,	X2: -0.36863,	f: 302.89713
LINE:	62	[0. 1. 0. 0. 0. 1. 0. 0. 1. 0. 1. 0. 0. 1. 1. 1.],	X1: 0.61961,	X2: -0.93333,	f: 824.48132
LINE:	63	[0. 1. 0. 0. 0. 0. 0. 1. 1. 1. 0. 0. 0. 1. 0. 0.],	X1: 1.07451,	X2: -0.98039,	f: 8883.72461
LINE:	64	[0. 1. 0. 0. 0. 0. 0. 1. 1. 0. 0. 0. 0. 0. 0. 0.],	X1: 0.00784,	X2: -0.98039,	f: 3.14729
LINE:	65	[0. 1. 0. 0. 0. 1. 0. 0. 1. 0. 0. 0. 1. 0. 0. 0.],	X1: 0.13333,	X2: -0.93333,	f: 7.23365
LINE:	66	[0. 0. 0. 1. 0. 0. 0. 1. 1. 0. 0. 0. 0. 0. 0. 1.],	X1: 0.02353,	X2: -1.73333,	f: 13205.93260
LINE:	67	[0. 1. 0. 0. 0. 0. 1. 0. 1. 0. 0. 0. 0. 0. 0. 1.],	X1: 0.02353,	X2: -0.96471,	f: 3.49666
LINE:	68	[0. 1. 0. 0. 0. 0. 0. 0. 1. 0. 0. 1. 0. 0. 0. 0.],	X1: 0.25882,	X2: -0.99608,	f: 47.04792
LINE:	69	[0. 1. 0. 0. 0. 0. 1. 1. 1. 0. 0. 0. 0. 0. 1. 0.],	X1: 0.03922,	X2: -0.94902,	f: 4.08023
LINE:	70	[0. 1. 0. 0. 0. 0. 1. 1. 1. 0. 0. 1. 0. 0. 0. 0.],	X1: 0.25882,	X2: -0.94902,	f: 34.26117
LINE:	71	[0. 1. 1. 0. 0. 0. 0. 1. 1. 0. 0. 0. 0. 0. 1. 0.],	X1: 0.03922,	X2: -0.47843,	f: 286.35843
LINE:	72	[1. 1. 0. 0. 0. 0. 0. 1. 1. 0. 0. 0. 0. 0. 1. 0.],	X1: 0.03922,	X2: 1.02745,	f: 28677.64840
LINE:	73	[0. 1. 0. 0. 0. 0. 1. 0. 1. 0. 0. 0. 0. 0. 0. 0.],	X1: 0.00784,	X2: -0.96471,	f: 3.49278
LINE:	74	[0. 1. 1. 0. 0. 1. 0. 1. 1. 0. 0. 0. 0. 0. 1. 0.],	X1: 0.03922,	X2: -0.41569,	f: 356.46738
LINE:	75	[0. 1. 0. 0. 0. 0. 0. 0. 1. 0. 0. 0. 0. 0. 0. 1.],	X1: 0.02353,	X2: -0.99608,	f: 3.12710
LINE:	76	[0. 1. 0. 1. 0. 0. 0. 0. 0. 0. 0. 1. 0. 0. 0. 0.],	X1: -1.74902,	X2: -0.74510,	f: 16065.30370
LINE:	77	[1. 1. 0. 0. 0. 0. 0. 0. 1. 1. 0. 0. 0. 0. 0. 1.],	X1: 1.02745,	X2: 1.01176,	f: 1826.05835
LINE:	78	[0. 1. 0. 0. 0. 0. 0. 0. 1. 0. 0. 0. 0. 0. 0. 1.],	X1: 0.02353,	X2: -0.99608,	f: 3.12710
LINE:	79	[0. 1. 0. 0. 0. 0. 1. 0. 1. 0. 0. 0. 0. 0. 0. 0.],	X1: 0.00784,	X2: -0.96471,	f: 3.49278
LINE:	80	[0. 1. 0. 0. 0. 0. 0. 0. 1. 0. 0. 0. 1. 0. 0. 0.],	X1: 0.13333,	X2: -0.99608,	f: 9.24939
LINE:	81	[1. 1. 0. 0. 0. 0. 0. 0. 1. 0. 0. 0. 0. 1. 1. 0.],	X1: 0.10196,	X2: 1.01176,	f: 23990.29300
LINE:	82	[0. 1. 0. 0. 1. 0. 0. 0. 1. 0. 0. 0. 0. 0. 0. 0.],	X1: 0.00784,	X2: -0.87059,	f: 11.42571
LINE:	83	[0. 1. 0. 0. 0. 0. 0. 0. 1. 0. 0. 0. 0. 0. 0. 0.],	X1: 0.00784,	X2: -0.99608,	f: 3.01541
LINE:	84	[0. 1. 0. 0. 0. 0. 0. 1. 1. 0. 0. 0. 1. 0. 0. 1.],	X1: 0.14902,	X2: -0.98039,	f: 10.31433
LINE:	85	[0. 1. 0. 0. 0. 1. 1. 0. 1. 0. 0. 0. 0. 0. 0. 1.],	X1: 0.02353,	X2: -0.90196,	f: 7.34454
LINE:	86	[0. 1. 0. 0. 0. 0. 0. 1. 1. 0. 0. 1. 0. 0. 0. 0.],	X1: 0.25882,	X2: -0.98039,	f: 42.69941
LINE:	87	[0. 0. 0. 0. 0. 1. 0. 1. 1. 0. 0. 0. 1. 0. 0. 0.],	X1: 0.13333,	X2: -1.92157,	f: 39271.19140
LINE:	88	[0. 1. 0. 0. 0. 0. 0. 1. 1. 0. 0. 0. 0. 0. 0. 0.],	X1: 0.00784,	X2: -0.98039,	f: 3.14729
LINE:	89	[0. 1. 0. 1. 0. 0. 0. 1. 1. 0. 0. 0. 0. 0. 0. 1.],	X1: 0.02353,	X2: -0.72941,	f: 58.53125
LINE:	90	[0. 1. 0. 0. 0. 0. 0. 1. 1. 0. 0. 0. 0. 0. 0. 1.],	X1: 0.02353,	X2: -0.98039,	f: 3.20146
LINE:	91	[0. 1. 0. 0. 0. 0. 0. 1. 1. 0. 0. 0. 0. 0. 1. 0.],	X1: 0.03922,	X2: -0.98039,	f: 3.37728
LINE:	92	[0. 1. 0. 0. 0. 0. 0. 1. 1. 0. 0. 0. 0. 0. 0. 0.],	X1: 0.00784,	X2: -0.98039,	f: 3.14729
LINE:	93	[1. 1. 0. 0. 0. 0. 0. 0. 1. 0. 0. 0. 0. 0. 0. 0.],	X1: 0.00784,	X2: 1.01176,	f: 29170.12110
LINE:	94	[1. 0. 0. 0. 0. 0. 1. 0. 1. 0. 0. 0. 0. 0. 0. 0.],	X1: 0.00784,	X2: 0.03922,	f: 637.77539
LINE:	95	[0. 1. 1. 0. 0. 0. 0. 0. 0. 0. 0. 0. 0. 0. 0. 0.],	X1: -2.00000,	X2: -0.49412,	f: 84766.29690
LINE:	96	[0. 1. 0. 0. 0. 0. 1. 1. 1. 0. 0. 0. 0. 0. 0. 0.],	X1: 0.00784,	X2: -0.94902,	f: 4.06479
LINE:	97	[0. 1. 0. 0. 1. 0. 0. 0. 1. 0. 0. 0. 0. 1. 1. 1.],	X1: 0.11765,	X2: -0.87059,	f: 10.96550
LINE:	98	[0. 1. 0. 0. 0. 0. 0. 0. 1. 0. 0. 0. 0. 0. 0. 0.],	X1: 0.00784,	X2: -0.99608,	f: 3.01541
LINE:	99	[0. 1. 0. 1. 0. 0. 0. 0. 1. 0. 0. 0. 0. 0. 0. 0.],	X1: 0.00784,	X2: -0.74510,	f: 49.36328
LINE:	100	[0. 1. 0. 0. 0. 1. 1. 0. 1. 0. 0. 0. 0. 1. 1. 0.],	X1: 0.10196,	X2: -0.90196,	f: 7.49048


--------------------------------
Execution time: 2761.4247014522552

Final solution (Convergence): [0. 1. 0. 0. 0. 0. 0. 0. 1. 0. 0. 0. 0. 0. 0. 0.]
Encode_x1 (Convergence): [1. 0. 0. 0. 0. 0. 0. 0.]
Encode_x2 (Convergence): [0. 1. 0. 0. 0. 0. 0. 0.]

Final solution (Best): [0. 1. 0. 0. 0. 0. 0. 0. 1. 0. 0. 0. 0. 0. 0. 0.]
Encode_x1 (Best): [1. 0. 0. 0. 0. 0. 0. 0.]
Encode_x2 (Best): [0. 1. 0. 0. 0. 0. 0. 0.]


Final obj value (Convergence) 3.01541
Decode_x1 (Convergence): 0.00784
Decode_x2 (Convergence): -0.99608

Final Obj (Best): 3.01541
Decode_x1 (Best): 0.00784
Decode_x2 (Best): -0.99608

